Export File Created with QBlade v0.963 64bit on 30.08.2022 at 21:09:38
     front rotor 0.24 Simulation    front rotor 11.42 Simulation     front rotor 13.2 Simulation      front rotor 2.7 Simulation     front rotor 6.59 Simulation     front rotor 9.33 Simulation
 TSR Torque [Nm] TSR Torque [Nm] TSR Torque [Nm] TSR Torque [Nm] TSR Torque [Nm] TSR Torque [Nm]
     1.00000e+00     1.12622e+01     1.00000e+00     3.98300e+05     1.00000e+00     6.15083e+05     1.00000e+00     5.26385e+03     1.00000e+00     7.65364e+04     1.00000e+00     2.17199e+05
     1.50000e+00     1.51925e+01     1.50000e+00     5.01840e+05     1.50000e+00     7.74977e+05     1.50000e+00     6.63221e+03     1.50000e+00     9.64324e+04     1.50000e+00     2.73660e+05
     2.00000e+00     2.13373e+01     2.00000e+00     6.60344e+05     2.00000e+00     1.01975e+06     2.00000e+00     8.72697e+03     2.00000e+00     1.26890e+05     2.00000e+00     3.60095e+05
     2.50000e+00     2.74995e+01     2.50000e+00     8.57291e+05     2.50000e+00     1.32389e+06     2.50000e+00     1.13298e+04     2.50000e+00     1.64735e+05     2.50000e+00     4.67492e+05
     3.00000e+00     3.15779e+01     3.00000e+00     1.05806e+06     3.00000e+00     1.63393e+06     3.00000e+00     1.39831e+04     3.00000e+00     2.03314e+05     3.00000e+00     5.76975e+05
     3.50000e+00     3.27678e+01     3.50000e+00     1.22421e+06     3.50000e+00     1.89051e+06     3.50000e+00     1.61789e+04     3.50000e+00     2.35241e+05     3.50000e+00     6.67579e+05
     4.00000e+00     3.13920e+01     4.00000e+00     1.32287e+06     4.00000e+00     2.04287e+06     4.00000e+00     1.74828e+04     4.00000e+00     2.54200e+05     4.00000e+00     7.21379e+05
     4.50000e+00     2.83099e+01     4.50000e+00     1.33698e+06     4.50000e+00     2.06466e+06     4.50000e+00     1.76693e+04     4.50000e+00     2.56911e+05     4.50000e+00     7.29075e+05
     5.00000e+00     2.43004e+01     5.00000e+00     1.29358e+06     5.00000e+00     1.99764e+06     5.00000e+00     1.70957e+04     5.00000e+00     2.48572e+05     5.00000e+00     7.05410e+05
     5.50000e+00     1.86363e+01     5.50000e+00     1.18976e+06     5.50000e+00     1.83732e+06     5.50000e+00     1.57237e+04     5.50000e+00     2.28622e+05     5.50000e+00     6.48794e+05
     6.00000e+00     1.17119e+01     6.00000e+00     1.06735e+06     6.00000e+00     1.64828e+06     6.00000e+00     1.41059e+04     6.00000e+00     2.05099e+05     6.00000e+00     5.82040e+05
     6.50000e+00     3.92714e+00     6.50000e+00     9.55191e+05     6.50000e+00     1.47507e+06     6.50000e+00     1.26236e+04     6.50000e+00     1.83547e+05     6.50000e+00     5.20879e+05
     7.00000e+00    -4.54435e+00     7.00000e+00     8.53895e+05     7.00000e+00     1.31864e+06     7.00000e+00     1.12849e+04     7.00000e+00     1.64083e+05     7.00000e+00     4.65641e+05
     7.50000e+00    -1.35987e+01     7.50000e+00     7.60960e+05     7.50000e+00     1.17513e+06     7.50000e+00     1.00567e+04     7.50000e+00     1.46224e+05     7.50000e+00     4.14962e+05
     8.00000e+00    -2.31557e+01     8.00000e+00     6.73590e+05     8.00000e+00     1.04021e+06     8.00000e+00     8.90202e+03     8.00000e+00     1.29436e+05     8.00000e+00     3.67318e+05
     8.50000e+00    -3.32229e+01     8.50000e+00     5.91269e+05     8.50000e+00     9.13079e+05     8.50000e+00     7.81408e+03     8.50000e+00     1.13617e+05     8.50000e+00     3.22427e+05
     9.00000e+00    -4.37906e+01     9.00000e+00     5.14044e+05     9.00000e+00     7.93823e+05     9.00000e+00     6.79349e+03     9.00000e+00     9.87775e+04     9.00000e+00     2.80315e+05
     9.50000e+00    -5.48561e+01     9.50000e+00     4.40313e+05     9.50000e+00     6.79963e+05     9.50000e+00     5.81909e+03     9.50000e+00     8.46097e+04     9.50000e+00     2.40109e+05
     1.00000e+01    -6.63944e+01     1.00000e+01     3.69178e+05     1.00000e+01     5.70110e+05     1.00000e+01     4.87897e+03     1.00000e+01     7.09404e+04     1.00000e+01     2.01318e+05

